6.7273529401101815,	0.986404095
8.153193336361143,	0.980410915
9.384058577055402,	0.966188185
10.42080975120803,	0.958098868
11.309455994123642,	0.937161757
12.027549269569182,	0.924241924
13.140620911686744,	0.90916441
14.176880034973612,	0.892867685
15.243260380359033,	0.889575979
16.065229805026643,	0.896350934
16.887524011817927,	0.908543255
17.709504262556333,	0.915498789
18.531506165436312,	0.922815481
19.35350806831629,	0.930132172
20.1753800583468,	0.935281918
20.997187091952572,	0.93934819
21.750538714744277,	0.943551131
22.996276740108005,	0.941064067
24.009086594065536,	0.931023375
24.830330671990275,	0.925699546
25.65131492421607,	0.916041825
26.472169263592402,	0.904217157
27.29319248967304,	0.89520952
28.045745870178553,	0.886097779
28.558261083063446,	0.870054625
29.344109322542995,	0.845314671
30.164552271229333,	0.826628007
30.984886959207785,	0.806135554
31.805308255752543,	0.787087732
32.62564294373099,	0.766595279
33.446107544558906,	0.748269773
34.67644718546474,	0.714822411
35.49689013415108,	0.696135746
36.317224822129525,	0.675643293
37.13762446653271,	0.656234314
37.95806741521905,	0.637547649
38.7785969724717,	0.620305616
39.59912652972436,	0.603063583
40.419721043401736,	0.586905022
41.24031555707913,	0.570746462
42.0610183314644,	0.556393691
42.881721105849685,	0.542040919
43.70251048880127,	0.529132778
44.52329987175287,	0.516224638
45.34408925470446,	0.503316497
46.165008550505526,	0.492575302
46.98588454202343,	0.481111793
47.80689044639081,	0.471815229
48.62780974219187,	0.461074035
49.4488589508424,	0.452499787
50.269908159492935,	0.443925539
51.09097902028504,	0.435712448
51.91209318536031,	0.428221673
52.733229002577154,	0.421092056
53.55440812407716,	0.414684754
54.375543941294005,	0.407555137
55.19680967136032,	0.402592466
56.01809705356821,	0.397990953
56.839319479351374,	0.392305967
57.66060686155927,	0.387704454
58.48191589590874,	0.383464098
59.30318162597506,	0.378501428
60.12446900818295,	0.373899914
60.94571308610769,	0.368576086
61.858454117694414,	0.370973934
62.72573564526276,	0.368056434
63.547044679612235,	0.363816079
64.36839701824488,	0.360298039
65.1898359654438,	0.35822463
66.01148421667801,	0.359642412
66.83293759863801,	0.357809775
67.6544992413059,	0.357782926
68.47582992779694,	0.353903729
69.29722557071273,	0.351108004
