6.472190017962253,	0.989050768
7.375586651463516,	0.983664061
8.128431614142288,	0.979415911
8.935857295311733,	0.971995809
9.770594987868087,	0.963350888
11.412346970903899,	0.940423868
12.23313635385549,	0.927515728
13.0537092153913,	0.91099601
13.874361468112896,	0.895800537
14.695172503206066,	0.883253554
15.516163972812391,	0.873716218
16.347819637673222,	0.878918671
17.160571951881806,	0.895091213
17.982840897841257,	0.906862183
18.80492940928755,	0.915623505
19.626909660025948,	0.922579039
20.448824954339614,	0.9284511
21.270696944370123,	0.933600846
22.092482325834318,	0.93730596
22.914094490165887,	0.938121813
23.735540654745357,	0.93616879
24.556950732422195,	0.933613837
25.37821646248851,	0.928651166
26.19937393184693,	0.921882707
27.02040148835589,	0.912947301
27.841472349148,	0.90473421
28.892522264489088,	0.890439414
30.030092472027864,	0.867784398
30.85086020283788,	0.854515099
31.671606281506314,	0.840884643
32.49224409946686,	0.825448398
33.312881917427404,	0.810012154
34.13347643110479,	0.793853593
34.95402764049902,	0.776972718
35.774578849893246,	0.760091842
36.5951084071459,	0.742849809
37.41563796439855,	0.725607775
38.23618917379279,	0.7087269
39.05674038318701,	0.691846024
39.87726994043967,	0.674603991
40.69779949769232,	0.657361957
41.51832905494497,	0.640119924
42.33883696005605,	0.622516733
43.09111463662547,	0.60880625
44.800663805371364,	0.574763368
45.62145318832296,	0.561855227
46.442112658425074,	0.54678014
47.26285873709352,	0.533149684
48.08358316362037,	0.51915807
48.90445915513828,	0.50769456
49.72527019023145,	0.495147577
50.5461028774662,	0.482961752
51.36700052112568,	0.471859399
52.187919816926744,	0.461118205
53.008882417010966,	0.451099326
53.82984501709518,	0.441080447
54.65082926932098,	0.431422726
55.47187847797151,	0.422848478
56.29292768662204,	0.41427423
57.11402019955574,	0.406422297
57.935134364631,	0.398931522
58.75622687756469,	0.39107959
59.57738434692311,	0.38431113
60.39856346842312,	0.377903828
61.21985085063101,	0.373302315
62.04105162427259,	0.367256171
62.86225239791417,	0.361210027
63.68351812798049,	0.356247356
64.50480551018839,	0.351645843
65.32609289239629,	0.34704433
66.14738027460417,	0.342442817
66.96873261323681,	0.338924777
67.79008495186943,	0.335406737
68.61143729050207,	0.331888697
69.43283293341786,	0.329092973
69.91229795652855,	0.332759113
