5.801865697266839, 0.9993757212292054
6.212390301592105, 0.9950885971966947
6.485986762575969, 0.9907858836222476
6.782577797916027, 0.9893750300770032
7.033244640968433, 0.9832639296379334
7.033699335941577, 0.9908482417899932
7.307165884075972, 0.9843785818863862
7.581022170758776, 0.984409760970259
7.78602464722247, 0.9779323062956837
7.854748544592111, 0.9822739937249718
8.128474918425445, 0.9801382264796846
8.333477394889137, 0.9736607718051095
8.402201292258779, 0.9780024592343975
8.675927666092113, 0.9758666919891104
8.812466070885105, 0.969381442543567
8.949654039925447, 0.9737309247438233
9.22299067521037, 0.9650943185110562
9.22338041375878, 0.9715951574985361
9.496976874742645, 0.967292443924089
9.633515279535636, 0.9608071944785456
9.770703248575979, 0.9651566766788019
10.043974927436167, 0.9554365972814549
10.044429622409313, 0.9630209094335147
10.317636344844766, 0.9522173568715878
10.318026083393177, 0.9587181958590676
10.59123280582863, 0.9479146432971407
10.59162254437704, 0.9544154822846205
10.864959179661964, 0.9457788760518535
10.865348918210374, 0.9522797150393334
11.13855564064583, 0.9414761624774064
11.13894537919424, 0.9479770014648863
11.412087145204959, 0.9360899757383794
11.412541840178104, 0.9436742878904392
11.685683606188823, 0.9317872621639323
11.686138301161968, 0.939371574315992
11.959280067172687, 0.9274845485894851
11.959734762145832, 0.9350688607415449
12.23274661530708, 0.9210148886858782
12.233201310280226, 0.928599200837938
12.506343076290946, 0.9167121751114311
12.50679777126409, 0.9242964872634909
12.77993953727481, 0.912409461536984
12.780394232247954, 0.9199937736890438
13.053471041833939, 0.9070232747979569
13.05399069323182, 0.9156910601145967
13.327067502817803, 0.9027205612235099
13.327587154215683, 0.9113883465401496
13.600728920226402, 0.8995013208136426
13.601183615199547, 0.9070856329657025
13.874780076183411, 0.9027829193912554
14.034053229633658, 0.8948556373165948
14.284720072686062, 0.888744536877525
14.285174767659207, 0.8963288490295848
14.55838149009466, 0.8855252964676579
14.55890114149254, 0.8941930817842977
14.83178308180432, 0.8779721633994708
14.832237776777465, 0.8855564755515306
15.105444499212918, 0.8747529229896037
15.379170873046254, 0.8726171557443165
15.653027159729058, 0.8726483348281894
15.926883446411862, 0.8726795139120622
16.200739733094665, 0.872710692995935
16.47459601977747, 0.8727418720798078
16.748322393610803, 0.8706061048345206
17.022048767444137, 0.8684703375892335
17.295645228428, 0.8641676240147864
17.569501515110804, 0.8641988030986592
17.84335780179361, 0.864229982182532
18.117214088476413, 0.8642611612664048
18.391070375159217, 0.8642923403502776
18.66492666184202, 0.8643235194341504
18.938393209976415, 0.8578538595305434
18.938782948524825, 0.8643546985180233
19.21224949665922, 0.8578850386144161
19.21263923520763, 0.864385877601896
19.486105783342023, 0.857916217698289
19.486495521890433, 0.8644170566857688
19.759962070024827, 0.8579473967821618
19.760351808573237, 0.8644482357696417
20.033883313132367, 0.8590620490306146
20.307804556239905, 0.8601767012790673
20.58166084292271, 0.8602078803629402
20.855517129605513, 0.860239059446813
21.128983677739907, 0.853769399543206
21.129373416288317, 0.8602702385306857
21.33437589275201, 0.8537927838561106
21.40309979012165, 0.8581344712853987
21.676826163954985, 0.8559987040401115
21.95029271208938, 0.8495290441365044
21.95068245063779, 0.8560298831239843
22.224278911621656, 0.8517271695495372
22.49813519830446, 0.85175834863341
22.634738559522187, 0.8463565723524465
22.908659802629725, 0.8474712246008993
23.045198207422718, 0.8409859751553559
23.18238617646306, 0.8453354573556122
23.455722811747982, 0.8366988511228451
23.456112550296393, 0.843199690110325
23.729709011280256, 0.8388969765358779
23.86624741607325, 0.8324117270903345
24.00343538511359, 0.8367612092905907
24.208307948727814, 0.8281168082868556
24.277031846097454, 0.8324584957161437
24.550368481382378, 0.8238218894833766
24.55075821993079, 0.8303227284708565
24.824354680914652, 0.8260200148964094
24.960893085707646, 0.819534765450866
25.098081054747986, 0.8238842476511223
25.37180742858132, 0.8217484804058351
25.645663715264124, 0.821779659489708
25.782202120057118, 0.8152944100441646
25.91952000194693, 0.8218108385735807
26.056058406739922, 0.8153255891280373
26.193246375780262, 0.8196750713282936
26.4669727496136, 0.8175393040830065
26.60351115440659, 0.811054054637463
26.740829036296404, 0.8175704831668793
26.87743239751413, 0.8121687068859158
27.151353640621668, 0.8132833591343686
27.28789204541466, 0.8067981096888251
27.425209927304472, 0.8133145382182414
27.561813288522202, 0.8079127619372779
27.766880721410626, 0.8025187804272826
27.858555888853303, 0.8090300124427201
28.04047718239449, 0.7982160668528355
28.109201079764134, 0.8025577542821236
28.109720731162014, 0.8112255395987635
28.382862497172734, 0.7993385138722565
28.383317192145878, 0.8069228260243164
28.65639400173186, 0.7939523271332295
28.65691365312974, 0.8026201124498693
28.929990462715725, 0.7896496135587824
28.930510114113606, 0.7983173988754222
29.20371683654906, 0.7875138463134952
29.20423648794694, 0.7961816316301351
29.4776380796566, 0.788628498561948
29.478092774629744, 0.7962128107140078
29.682835425394497, 0.7854014633811127
29.751559322764138, 0.7897431508104008
30.024960914473798, 0.7821900177422139
30.02541560944694, 0.7897743298942737
30.298882157581335, 0.7833046699906665
30.435485518799062, 0.7779028937097031
30.709017023358196, 0.772516706970676
30.709406761906603, 0.7790175459581559
30.98300322289047, 0.7747148323837088
31.119606584108194, 0.7693130561027453
31.393527827215735, 0.7704277083511981
31.53013118843346, 0.7650259320702346
31.73519862132189, 0.7596319505602394
31.803922518691532, 0.7639736379895274
32.00879508230575, 0.7553292369857922
32.07751897967539, 0.7596709244150803
32.35124535350873, 0.7575351571697932
32.487848714726454, 0.7521333808888298
32.761380219285584, 0.7467471941498027
32.761769957834, 0.7532480331372826
32.96651260859875, 0.7424366858043874
33.035236505968385, 0.7467783732336755
33.24010906958261, 0.7381339722299403
33.30883296695225, 0.7424756596592283
33.582559340785586, 0.7403398924139413
33.71916270200331, 0.7349381161329778
33.992564293712974, 0.7273849830647908
33.99295403226138, 0.7338858220522706
34.197826595875604, 0.7252414210485354
34.26655049324524, 0.7295831084778235
34.471423056859464, 0.7209387074740883
34.54014695422911, 0.7252803949033764
34.74501951784333, 0.7166359938996412
34.81374341521297, 0.7209776813289293
35.08746978904631, 0.7188419140836422
35.24678624677971, 0.7116369474520348
35.42914058315246, 0.7080461562926834
35.497864480522104, 0.7123878437219715
35.70273704413633, 0.7037434427182364
35.771460941505964, 0.7080851301475245
35.97633350512019, 0.6994407291437893
36.04505740248983, 0.7037824165730774
36.249929966104055, 0.6951380155693422
36.31865386347369, 0.6994797029986303
36.523526427087916, 0.6908353019948951
36.59225032445756, 0.6951769894241833
36.79712288807178, 0.6865325884204481
36.86584678544142, 0.6908742758497362
37.13957315927476, 0.688738508604449
37.276176520492484, 0.6833367323234855
37.48124395338092, 0.6779427508134902
37.549967850750555, 0.6822844382427783
37.754840414364786, 0.6736400372390431
37.82356431173442, 0.6779817246683312
38.028436875348646, 0.6693373236645961
38.09716077271829, 0.6736790110938842
38.302033336332514, 0.665034610090149
38.37075723370215, 0.6693762975194371
38.575629797316374, 0.6607318965157019
38.64435369468602, 0.6650735839449899
38.84922625830024, 0.6564291829412547
38.91795015566988, 0.6607708703705428
39.19167652950321, 0.6586351031252557
39.328279890720935, 0.6532333268442923
39.53334732360937, 0.647839345334297
39.60207122097901, 0.6521810327635851
39.8753428998392, 0.6424609533662381
39.87579759481234, 0.6500452655182979
40.01194626105692, 0.6370591770852747
40.14926414294674, 0.6435756056146908
40.35413670656096, 0.6349312046109556
40.4228606039306, 0.6392728920402437
40.696586977763936, 0.6371371247949567
40.83319033898166, 0.6317353485139932
41.03825777187009, 0.6263413670039979
41.10698166923973, 0.630683054433286
41.31185423285395, 0.6220386534295508
41.3805781302236, 0.6263803408588389
41.58545069383782, 0.6177359398551037
41.677125861280494, 0.6242471718705411
41.92764113934185, 0.6156079673807848
41.928030877890265, 0.6221088063682647
42.20123760032571, 0.6113052538063377
42.201627338874125, 0.6178060927938176
42.47509388700852, 0.6113364328902104
42.61163229180151, 0.604851183444667
42.90843984855736, 0.6070519071146891
43.18203630954122, 0.602749193540242
43.43268150045205, 0.5962769353796457
43.433071239000455, 0.6027777743671255
43.70627796143591, 0.5919742218051985
43.706667699984315, 0.5984750607926784
43.979874422419776, 0.5876715082307515
43.980394073817656, 0.5963392935473912
44.2534059269789, 0.5822853214917243
44.25386062195204, 0.5898696336437842
44.52700238796277, 0.5779826079172774
44.52745708293591, 0.5855669200693372
44.73245955939961, 0.5790894653947619
44.801183456769245, 0.58343115282405
45.07465000490364, 0.576961492920443
45.34811655303803, 0.5704918330168359
45.34850629158644, 0.5769926720043157
45.553248942351196, 0.5661813246714207
45.62197283972084, 0.5705230121007088
45.89530947500576, 0.5618864058679417
45.89569921355417, 0.5683872448554216
46.168970892414364, 0.5586671654580746
46.16942558738751, 0.5662514776101344
46.44269726624769, 0.5565313982127874
46.443151961220835, 0.5641157103648473
46.7167484222047, 0.5598129967904002
46.853286826997696, 0.5533277473448567
46.9906047088875, 0.559844175874273
47.12707815725577, 0.5522754532641496
47.264331082720844, 0.5577084086289859
47.400739574664364, 0.5490562128542825
47.53805745655417, 0.5555726413836987
47.69733061000443, 0.547645359309038
47.94806240948156, 0.5426177320345482
47.94845214802997, 0.5491185710220281
48.221658870465426, 0.5383150184601011
48.22204860901384, 0.544815857447581
48.42692117262806, 0.5361714564438457
48.4956450699977, 0.5405131438731339
48.76898170528263, 0.5318765376403669
48.769371443831034, 0.5383773766278468
49.04257816626649, 0.5275738240659198
49.042967904814894, 0.5340746630533996
49.31623958367509, 0.5243545836560527
49.316694278648235, 0.5319388958081125
49.58996595750842, 0.5222188164107656
49.59042065248156, 0.5298031285628254
49.86375728776649, 0.5211665223300583
49.86427693916437, 0.5298343076466981
50.00036064898422, 0.515764746049095
50.13787340014823, 0.525531594072251
50.27441180494123, 0.5190463446267076
50.547943309500354, 0.5136601578876806
50.5483980044735, 0.5212444700397404
50.821994465457365, 0.5169417564652933
50.95853287025036, 0.5104565070197499
51.0957208392907, 0.5148059892200061
51.36944721312403, 0.512670221974719
51.64304367410789, 0.5083675084002719
51.77958207890089, 0.5018822589547285
51.9168999607907, 0.5083986874841447
52.32742456511596, 0.504111563451634
52.60102102609983, 0.499808849877187
52.87487731278264, 0.4998400289610597
53.1484737737665, 0.4955373153866126
53.42220014759984, 0.49340154814132553
53.695926521433165, 0.49126578089603834
53.83246492622616, 0.48478053145049493
53.969652895266506, 0.48913001365075126
54.24337926909984, 0.48699424640546407
54.37991767389283, 0.48050899695992066
54.517105642933174, 0.4848584791601769
54.79083201676651, 0.4827227119148898
54.92743537798423, 0.4773209356339263
55.201356621091776, 0.47843558788237905
55.406359097555466, 0.4719581332078039
55.4750829949251, 0.47629982063709186
55.748809368758444, 0.4741640533918048
55.953811845222134, 0.4676865987172295
56.02253574259177, 0.4720282861465177
56.29626211642511, 0.4698925189012305
56.5012645928888, 0.46341506422665524
56.56998849025844, 0.4677567516559433
56.84371486409178, 0.46562098441065625
57.117181412226174, 0.4591513245070491
57.11757115077459, 0.465652163494529
57.39116761175845, 0.461349449920082
57.66463415989284, 0.45487979001647494
57.665023898441255, 0.4613806290039548
57.938620359425116, 0.4570779154295076
58.21247664610792, 0.45710909451338044
58.34908000732565, 0.45170731823241694
58.623001250433184, 0.4528219704808698
58.89646779856758, 0.44635231057726266
58.89685753711599, 0.45285314956474254
59.17045399809985, 0.4485504359902954
59.44431028478266, 0.44858161507416827
59.580848689575646, 0.44209636562862487
59.718036658615986, 0.4464458478288811
59.92290922223021, 0.4378014468251459
59.99176303244933, 0.444310080583594
60.19676550891302, 0.4378326259090187
60.265489406282654, 0.4421743133383069
60.539215780115995, 0.4400385460930196
60.813072066798796, 0.44006972517689247
60.949675428016526, 0.43466794889592897
61.223596671124064, 0.43578260114438183
61.49745295780687, 0.4358137802282547
61.634056319024594, 0.4304120039472912
61.90797756213214, 0.43152665619574393
62.18183384881494, 0.4315578352796168
62.31843721003266, 0.42615605899865316
62.59235845314021, 0.427270711247106
62.86621473982301, 0.4273018903309789
63.002753144616, 0.42081664088543536
63.13994111365634, 0.4251661230856917
63.413667487489676, 0.4230303558404046
63.68752377417248, 0.42306153492427745
63.82406217896547, 0.41657628547873393
63.96125014800581, 0.42092576767899015
64.23497652183916, 0.41879000043370307
64.50883280852196, 0.4188211795175759
64.64543616973968, 0.4134194032366124
64.91935741284722, 0.41453405548506517
65.19321369953002, 0.414565234568938
65.46694007336338, 0.41242946732365093
65.7402767086483, 0.40379286109088386
65.7406664471967, 0.41029370007836363
66.0145227338795, 0.4103248791622365
66.1510611386725, 0.40383962971669307
66.2883790205623, 0.4103560582461093
66.42498238178003, 0.4049542819651458
66.69890362488756, 0.4060689342135987
66.97275991157038, 0.4061001132974714
67.17776238803407, 0.39962265862289614
67.24648628540372, 0.40396434605218434
67.52021265923705, 0.40182857880689715
67.79406894591985, 0.4018597578907699
68.06753549405425, 0.39539009798716296
68.06792523260266, 0.40189093697464273
68.34139178073706, 0.3954212770710357
68.34178151928546, 0.40192211605851547
68.54678399574915, 0.3954446613839403
68.61550789311879, 0.3997863488132284
68.9120556241757, 0.39765317982493065
69.162830727936, 0.3933478679934942
69.4366870146188, 0.39337904707736704
69.6420792296309, 0.39340243139027165
