6.943504210991902, 0.9916445376957457
7.354157114839294, 0.9898557232035238
7.764428670893987, 0.9833610769493761
8.175169578078158, 0.9826582236329833
8.585734478588773, 0.9797834479649324
9.030356670432115, 0.974738510011959
9.440804233160362, 0.9704157861094694
9.851295797556995, 0.9666360427948943
10.227319388382613, 0.9599586429447063
10.637913623338822, 0.9574458543352651
11.118444077796111, 0.9529556855490557
11.458456735448205, 0.9444565618269698
11.76557838774728, 0.9385930703464825
12.169347689933364, 0.9301584836941259
12.51828092025444, 0.9271357450825072
12.736696498508408, 0.9221905571388096
13.09960162855816, 0.9192019509275986
13.281533860121952, 0.9112476226607753
13.646483697736455, 0.9087324872956867
14.056960594910294, 0.9047717504518068
14.290785460726964, 0.8996483509157874
14.614269286535674, 0.8914387613952635
15.002916520840625, 0.887345632718364
15.326400346649335, 0.87913604319784
15.650050830791793, 0.8729830175157908
16.16852490708798, 0.870953119010716
16.62216889155542, 0.8689198873389663
17.140309651184108, 0.8627768611569421
17.464460110327817, 0.8627935269903171
17.852774027965268, 0.8545872706364681
18.371414762595204, 0.8546139359698681
18.695231905071413, 0.8505174741262935
19.01904904754762, 0.8464210122827192
19.47252637368132, 0.8423312167724946
19.796510174491278, 0.8402913187673948
20.24982084229122, 0.8341449594186956
20.57363798476743, 0.8300484975751211
21.026948652567373, 0.8239021382264219
21.444430035106887, 0.8197229790348006
21.820409624264112, 0.812502598596698
22.025017382270796, 0.80273950841465
22.36743836567037, 0.8038430702578345
22.702220659437693, 0.7951726295052106
23.084929570413806, 0.7865046528460164
23.46799049473703, 0.7821805208901385
23.79613733691136, 0.7761160349461571
24.178635039879214, 0.7648417514649735
24.1794564043558, 0.7749773891060443
24.555289321285063, 0.7659470733748933
24.759853077623358, 0.755641002604931
25.135641992884235, 0.7460677062858655
25.13658069514319, 0.7576512921613751
25.545854880047745, 0.7388490859144985
25.54667624452433, 0.7489847235555693
25.9225091614536, 0.7399544078244185
26.127292926133837, 0.7323632399940285
26.476296559124336, 0.730209270323073
26.804372998629244, 0.7232760154384285
27.153323829617673, 0.7204704690619755
27.369518693633342, 0.7128798879204974
27.73440986235666, 0.7096407784381895
28.144505411737793, 0.7009742098323838
28.520631673122985, 0.6955637646873296
28.855413966890307, 0.6868933239347058
29.21108825280851, 0.6825677839254394
29.539094289643995, 0.6747657601001316
29.956890130993127, 0.6766333669132145
30.332649711808415, 0.6666980835355394
30.742862598971925, 0.6594794631641725
31.153075486135428, 0.6522608427928054
31.563288373298935, 0.6450422224214385
31.973501260462445, 0.6378236020500715
32.38383148540832, 0.6320529299131432
32.79392703478946, 0.6233863613073375
33.20413992195297, 0.6161677409359705
33.614470146898846, 0.6103970687990421
34.024683034062356, 0.6031784484276752
34.469569235916026, 0.6013913940021889
34.62243554488943, 0.5922103894805258
34.881255937203136, 0.5860540306318016
35.26990317150809, 0.5819609019549021
35.528723563821806, 0.5758045431061779
35.85270736463177, 0.5737646451010782
36.11136109861174, 0.5655517224138793
36.43467826608669, 0.5552855690548806
36.8234921587254, 0.5532490042164557
37.14730930120161, 0.5491525423728811
37.58025251542065, 0.5454435659906235
37.99046540258416, 0.5382249456192566
38.40091296531241, 0.533902221716767
38.77689255446963, 0.5266818412786646
39.11163964690224, 0.517577016055709
39.49508778590729, 0.5180311132734787
39.939856649978594, 0.5147961106135536
40.31574823579904, 0.5064897689996221
40.72619579852729, 0.5021670450971325
41.13652602347316, 0.4963963729602041
41.58103087753414, 0.48990348677279205
41.957303811147284, 0.4863029769207863
42.367751373875535, 0.4819802530182966
42.778052264375816, 0.47584759382275876
43.18864649933203, 0.4733348052133175
43.73579257852065, 0.4661232251088927
44.1462401412489, 0.46180050120640315
44.55680504175952, 0.4589257255383523
44.96725260448777, 0.45460300163586276
45.37770016721601, 0.450280277733373
45.78814772994426, 0.4459575538308834
46.19865396156369, 0.4423588040456131
46.60916019318312, 0.4387600542603428
47.01966642480255, 0.43516130447507273
47.43017265642198, 0.4315625546898024
47.84067888804141, 0.4279638049045321
48.25124378855203, 0.4250890292364813
48.661691351280275, 0.42076630533399173
49.07225625179089, 0.4178915296659408
49.482762483410326, 0.4142927798806706
49.89329804947535, 0.41105601715400997
50.30383361554037, 0.40781925442734945
50.71439851605099, 0.4049444787592986
51.124963416561606, 0.40206970309124757
51.53552831707222, 0.39919492742319673
52.04573104678099, 0.39567688282252533
52.38405649027671, 0.39359157896392716
52.74008278954202, 0.3936098836579769
53.04073738930719, 0.38624083624961225
53.45147829649136, 0.3855379829332195
53.989467193307, 0.38138093095345227
54.27266676640378, 0.380512405714337
54.68329033580558, 0.3783616041635054
55.093855236316195, 0.37548682849545456
55.504478805718, 0.37333602694462287
55.9151023751198, 0.3711852253937914
56.32560860673923, 0.3675864756085211
56.736290845032215, 0.366159648174909
57.14685574554284, 0.36328487250685804
57.55753798383582, 0.3618580450732458
57.968102884346436, 0.35898326940519487
58.37878512263942, 0.35755644197158276
58.78929135425885, 0.35395769218631246
59.20003226144302, 0.3532548388699197
59.61053849306245, 0.3496560890846494
60.021572744702546, 0.35257310635435324
60.43178563186605, 0.34535448598298635
60.842585207941404, 0.34537560678381285
61.25309143956084, 0.34177685699854254
62.074397247255625, 0.33819922801409885
62.48507948554861, 0.33677240058048663
62.89561505161364, 0.3335356378538261
63.30632662435222, 0.33247079747882347
63.71712620042757, 0.33249191827964997
64.12757376315581, 0.3281691943771604
64.53837333923119, 0.3281903151779869
64.9489089052962, 0.3249535524513263
65.35962047803478, 0.32388871207632375
65.80447734544286, 0.32173967059222786
66.18086761683838, 0.3195871089746607
66.62603249592519, 0.3212389316059663
66.9678814576357, 0.31528374580626206
67.41291433171733, 0.31530662667382414
67.8232738911088, 0.30989794159550554
67.82394858335742, 0.318223643943528
68.23416147052093, 0.311005023572161
68.67255889300958, 0.3136338592483656
69.05599529823638, 0.3139431616426913
69.46620818539989, 0.3067245412713244
69.73972255610302, 0.30239477710189266