5.869290466141781, 0.982047945366894
5.869680204690191, 0.9885487843543739
6.143146752824585, 0.9820791244507667
6.211935606618961, 0.9875042850446348
6.212390301592105, 0.9950885971966947
6.417262865206329, 0.9864441961929595
6.485986762575969, 0.9907858836222476
6.759713136409304, 0.9886501163769604
6.964715612872997, 0.9821726617023852
7.033439510242638, 0.9865143491316732
7.307165884075972, 0.9843785818863862
7.581022170758776, 0.984409760970259
7.78602464722247, 0.9779323062956837
7.854748544592111, 0.9822739937249718
8.128474918425445, 0.9801382264796846
8.333477394889137, 0.9736607718051095
8.402201292258779, 0.9780024592343975
8.675927666092113, 0.9758666919891104
8.880930142555806, 0.9693892373145352
8.949654039925447, 0.9737309247438233
9.22338041375878, 0.9715951574985361
9.359983774976508, 0.9661933812175726
9.633515279535636, 0.9608071944785456
9.633905018084047, 0.9673080334660255
9.90750147906791, 0.9630053198915783
10.044039883860902, 0.9565200704460348
10.181227852901245, 0.9608695526462911
10.317636344844766, 0.9522173568715878
10.454824313885108, 0.956566839071844
10.659696877499332, 0.9479224380681088
10.728420774868972, 0.9522641254973969
11.001757410153896, 0.94362751926463
11.002147148702306, 0.9501283582521098
11.275288914713027, 0.9382413325256029
11.275743609686172, 0.9458256446776627
11.54888537569689, 0.9339386189511558
11.549340070670036, 0.9415229311032156
11.82241688025602, 0.9285524322121288
11.82280661880443, 0.9350532711996086
12.096013341239884, 0.9242497186376817
12.096403079788294, 0.9307505576251616
12.369544845799012, 0.9188635318986547
12.369999540772158, 0.9264478440507145
12.643141306782878, 0.9145608183242075
12.643596001756022, 0.9221451304762673
12.916737767766742, 0.9102581047497604
12.917192462739887, 0.9178424169018202
13.190334228750606, 0.9059553911753133
13.190788923723751, 0.9135397033273731
13.463995646159205, 0.9027361507654462
13.464385384707615, 0.909236989752926
13.669257948321839, 0.9005925887491908
13.737981845691479, 0.904934276178479
14.011123611702198, 0.893047250451972
14.011578306675343, 0.9006315626040319
14.284720072686062, 0.888744536877525
14.285174767659207, 0.8963288490295848
14.55838149009466, 0.8855252964676579
14.55890114149254, 0.8941930817842977
14.694984851312388, 0.8801235201866944
14.968516355871516, 0.8747373334476674
14.968906094419927, 0.8812381724351471
15.24224272970485, 0.8726015662023802
15.24276238110273, 0.88126935151902
15.516099016387656, 0.872632745286253
15.652637421180648, 0.8661474958407095
15.78995530307046, 0.8726639243701257
15.926428751438717, 0.8650952017600023
16.06381158975326, 0.8726951034539986
16.200220081696784, 0.8640429076792951
16.336758486489774, 0.8575576582337517
16.496897725603155, 0.8640766850201573
16.747413003664512, 0.855437480530401
16.747932655062392, 0.8641052658470407
16.906729461397916, 0.8482325138987936
17.157482913016633, 0.8435660443458305
17.157937607989776, 0.8511503564978903
17.43075459187682, 0.8338459649484835
17.43114433042523, 0.8403468039359634
17.704610878559627, 0.8338771440323564
17.863927336293028, 0.8266721774007489
18.04602184696684, 0.8187474935830776
18.11474574433648, 0.8230891810123657
18.387952466771935, 0.8122856284504388
18.388342205320345, 0.8187864674379186
18.66128910205686, 0.8036490222176719
18.66167884060527, 0.8101498612051516
18.935145388739663, 0.8036802013015447
19.094461846473063, 0.7964752346699373
19.34489051596811, 0.7863913992940743
19.34528025451652, 0.7928922382815541
19.618746802650914, 0.786422578377947
19.778063260384315, 0.7792176117463396
19.96080733530548, 0.7821276595744682
20.028297060605155, 0.7658833568767367
20.028751755578302, 0.7734676690287965
20.301828565164286, 0.7604971701377097
20.302218303712696, 0.7669980091251896
20.50683104162798, 0.7540197154631345
20.57555493899762, 0.7583614028924226
20.848891574282543, 0.7497247966596555
21.122098296717997, 0.7389212440977286
21.122488035266407, 0.7454220830852085
21.39543493200292, 0.7302846378649617
21.39582467055133, 0.7367854768524416
21.668771567287845, 0.7216480316321947
21.669161305836255, 0.7281488706196745
21.94210820257277, 0.7130114253994276
21.94249794112118, 0.7195122643869074
22.215444837857696, 0.7043748191666607
22.215834576406106, 0.7108756581541404
22.48878147314262, 0.6957382129338936
22.48917121169103, 0.7022390519213735
22.69378394960631, 0.6892607582593184
22.762507846975954, 0.6936024456886065
23.035844482260877, 0.6849658394558396
23.30905120469633, 0.6741622868939126
23.30944094324474, 0.6806631258813924
23.582387839981255, 0.6655256806611456
23.582777578529665, 0.6720265196486255
23.85572447526618, 0.6568890744283786
23.85611421381459, 0.6633899134158585
24.129061110551103, 0.6482524681956116
24.129450849099513, 0.6547533071830914
24.402397745836026, 0.6396158619628447
24.402787484384437, 0.6461167009503245
24.67573438112095, 0.6309792557300776
24.67612411966936, 0.6374800947175574
24.949071016405874, 0.6223426494973106
24.949460754954284, 0.6288434884847904
25.222407651690798, 0.6137060432645436
25.222797390239208, 0.6202068822520235
25.49561437412625, 0.6029024907026167
25.49613402552413, 0.6115702760192565
25.768951009411175, 0.5942658844698496
25.769470660809056, 0.6029336697864895
26.04241755754557, 0.5877962245662427
26.043002165368186, 0.5975474830474624
26.201734015278973, 0.5805912579346353
26.45216268477402, 0.5705074225587723
26.45255242332243, 0.5770082615462522
26.725499320058944, 0.5618708163260053
26.725889058607354, 0.5683716553134852
26.998835955343868, 0.5532342100932383
26.999225693892278, 0.5597350490807181
27.203838431807558, 0.5467567554186631
27.2725623291772, 0.5510984428479512
27.546028877311596, 0.5446287829443441
27.705345335044996, 0.5374238163127367
27.95577400454004, 0.5273399809368737
27.95616374308845, 0.5338408199243535
28.160776481003733, 0.5208625262622985
28.229500378373373, 0.5252042136915867
28.502707100808827, 0.5144006611296595
28.503096839357237, 0.5209015001171394
28.70770957727252, 0.5079232064550844
28.77643347464216, 0.5122648938843725
29.049640197077615, 0.5014613413224456
29.050029935626025, 0.5079621803099255
29.25464267354131, 0.4949838866478703
29.32336657091095, 0.4993255740771584
29.596573293346403, 0.4885220215152315
29.596963031894813, 0.49502286050271127
29.870429580029207, 0.48855320059910434
30.029702733479454, 0.4806259185244436
30.280694358655534, 0.47993218390827375
30.440010816388934, 0.47272721727666644
30.69095913728186, 0.47131116721744315
30.82756249849959, 0.46590939093647965
31.101223915908186, 0.46269015052661255
31.237827277125916, 0.45728837424564905
31.44289471001434, 0.4518943927356538
31.511618607383983, 0.4562360801649419
31.785085155518377, 0.44976642026133484
31.921688516736104, 0.44436464398037134
32.12675594962453, 0.4389706624703761
32.195479846994175, 0.44331234989966417
32.40035241060839, 0.43466794889592897
32.469076307978035, 0.43900963632521717
32.67394887159226, 0.43036523532148196
32.7426727689619, 0.43470692275076994
33.0161393170963, 0.428237262847163
33.289735778080164, 0.4239345492727159
33.563332239064025, 0.4196318356982688
33.83692870004789, 0.41532912212382167
34.04193117651158, 0.4088516674492465
34.11065507388122, 0.4131933548785346
34.246868696550536, 0.4012907396100912
34.384251534865086, 0.4088906413040875
34.58912409847931, 0.4002462403003523
34.65784799584895, 0.40458792772964036
34.86272055946317, 0.39594352672590516
34.931444456832814, 0.40028521415519336
35.20517083066615, 0.39814944690990606
35.34170923545914, 0.39166419746436265
35.479027117348956, 0.3981806259937789
35.615435609292476, 0.38952843021907557
35.88916198312581, 0.3873926629737884
36.162888356959144, 0.3852568957285012
36.29949171817687, 0.3798551194475378
36.57328304843494, 0.3788028253668305
36.84700942226827, 0.37666705812154344
36.983612783486, 0.37126528184057994
37.25753402659354, 0.3723799340890328
37.39413738781126, 0.3669781578080693
37.667928718069334, 0.36592586372736213
37.94165509190267, 0.36379009648207505
38.215251552886535, 0.35948738290762783
38.48897792671986, 0.35735161566234075
38.7627043005532, 0.35521584841705356
39.03630076153706, 0.35091313484260656
39.3100271353704, 0.34877736759731937
39.58375350920374, 0.3466416003520322
39.857155100913396, 0.33908846728384523
39.85760979588654, 0.346672779435905
40.131206256870406, 0.342370065861458
40.26780961808813, 0.3369682895804945
40.54173086119567, 0.33808294182894727
40.815327322179535, 0.33378022825450016
41.089183608862335, 0.333811407338373
41.225786970080065, 0.3284096310574095
41.4997082131876, 0.32952428330586225
41.70471068965129, 0.3230468286312871
41.77343458702094, 0.32738851606057506
42.04716096085427, 0.325252748815288
42.25216343731796, 0.3187752941407127
42.320887334687605, 0.3231169815700009
42.59461370852094, 0.3209812143247136
42.868210169504806, 0.3166785007502666
43.14206645618761, 0.31670967983413945
43.3470689326513, 0.31023222515956417
43.41579283002094, 0.31457391258885226
43.689519203854275, 0.3124381453435652
43.894521680317965, 0.3059606906689899
43.96324557768761, 0.310302378098278
44.23697195152094, 0.3081666108529908
44.44197442798463, 0.3016891561784155
44.51069832535428, 0.3060308436077037
44.78442469918761, 0.30389507636241664
45.05828098587042, 0.3039262554462894
45.19488434708814, 0.2985244791653259
45.468805590195686, 0.2996391314137786
45.742661876878486, 0.29967031049765147
45.87926523809621, 0.29426853421668797
46.153186481203754, 0.29538318646514083
46.427042767886554, 0.29541436554901357
46.563646129104285, 0.2900125892680502
46.83756737221182, 0.2911272415165028
47.11142365889463, 0.29115842060037567
47.24802702011235, 0.28575664431941217
47.52194826321989, 0.28687129656786503
47.7958045499027, 0.2869024756517379
48.000807026366395, 0.2804250209771626
48.06953092373603, 0.2847667084064507
48.343257297569366, 0.2826309411611635
48.61711358425217, 0.28266212024503623
48.75365198904517, 0.27617687079949294
48.89083995808551, 0.28052635299974915
49.16456633191884, 0.27839058575446207
49.43842261860164, 0.2784217648383348
49.574961023394636, 0.2719365153927914
49.71214899243498, 0.2762859975930477
49.9170215560492, 0.2676415965893125
49.98587536626831, 0.27415023034776065
50.25973165295112, 0.2741814094316334
50.464734129414815, 0.2677039547570581
50.53345802678445, 0.2720456421863462
50.807184400617786, 0.2699098749410591
51.081040687300586, 0.26994105402493185
51.354896973983394, 0.2699722331088047
51.49150033520112, 0.2645704568278412
51.765421578308654, 0.26568510907629406
52.03927786499146, 0.2657162881601668
52.31313415167426, 0.26574746724403964
52.44973751289199, 0.26034569096307614
52.72365875599953, 0.2614603432115289
52.99751504268234, 0.26149152229540173
53.27137132936514, 0.26152270137927447
53.476373805828835, 0.2550452467046993
53.54509770319848, 0.2593869341339874
53.818824077031806, 0.2572511668887003
54.092680363714614, 0.25728234597257305
54.366536650397414, 0.2573135250564459
54.503075055190415, 0.2508282756109024
54.640263024230755, 0.2551777578111588
54.91398939806408, 0.2530419905658715
55.18784568474689, 0.25307316964974436
55.46170197142969, 0.2531043487336171
55.66670444789339, 0.24662689405904192
55.73542834526303, 0.25096858148833
56.00915471909636, 0.24883281424304293
56.283011005779166, 0.24886399332691567
56.556867292461966, 0.2488951724107885
56.830723579144774, 0.24892635149466136
56.9673269403625, 0.24352457521369786
57.24124818347004, 0.2446392274621506
57.51510447015284, 0.24467040654602334
57.78896075683565, 0.2447015856298962
58.06281704351845, 0.24473276471376904
58.19935544831145, 0.23824751526822563
58.33654341735179, 0.24259699746848185
58.61026979118512, 0.24046123022319477
58.884126077867926, 0.2404924093070675
59.157982364550726, 0.24052358839094035
59.431838651233534, 0.2405547674748132
59.70530519936793, 0.23408510757120604
59.705694937916334, 0.24058594655868593
59.91056750153056, 0.23194154555495072
59.979421311749675, 0.23845017931339885
60.253147685583, 0.23631441206811166
60.52700397226581, 0.2363455911519844
60.80086025894861, 0.23637677023585724
61.07432680708301, 0.2299071103322503
61.07471654563142, 0.23640794931973008
61.348313006615285, 0.23210523574528297
61.622169293298086, 0.2321364148291558
61.89602557998089, 0.23216759391302855
62.169881866663694, 0.2321987729969014
62.4437381533465, 0.23222995208077424
62.717204701480895, 0.2257602921771671
62.7175944400293, 0.23226113116464697
62.99119090101317, 0.22795841759019997
63.26504718769597, 0.22798959667407281
63.53890347437878, 0.22802077575794555
63.81275976106158, 0.2280519548418184
64.08661604774439, 0.22808313392569124
64.3600825958788, 0.2216134740220841
64.3604723344272, 0.22811431300956397
64.63406879541107, 0.22381159943511686
64.90792508209387, 0.2238427785189896
65.18178136877667, 0.22387395760286244
65.45563765545948, 0.22390513668673528
65.72949394214228, 0.22393631577060802
66.00335022882508, 0.22396749485448086
66.13988863361807, 0.21748224540893735
66.27720651550788, 0.2239986739383537
66.41380987672561, 0.2185968976573902
66.68773111983315, 0.21971154990584307
66.98445206802268, 0.2204676426897585
67.16684970867858, 0.21759916697346038
67.23557360604823, 0.22194085440274858
67.50917006703209, 0.21763814082830146
67.50955980558051, 0.22413897981578135
67.78302635371489, 0.2176693199121742
67.78341609226331, 0.22417015889965408
68.05675272754824, 0.21553355266688712
68.05727237894612, 0.22420133798352693
68.33060901423104, 0.21556473175075985
68.33112866562892, 0.22423251706739966
68.60433538806437, 0.21342896450547277
68.60472512661278, 0.21992980349295266
68.87819167474717, 0.21346014358934562
68.87858141329558, 0.2199609825768255
69.15204796142999, 0.21349132267321835
69.15243769997839, 0.21999216166069824
69.42590424811279, 0.2135225017570912
69.4262939866612, 0.22002334074457108
69.69950070909664, 0.2092197881826442
